# unix_time, cycles_done, cur_path, paths_total, pending_total, pending_favs, map_size, unique_crashes, unique_hangs, max_depth, execs_per_sec
1494208659, 0, 0, 2, 2, 1, 3.52%, 0, 0, 1, 41.67
1494208664, 0, 1, 2, 2, 1, 3.52%, 0, 0, 1, 43.31
1494208679, 0, 1, 7, 7, 1, 3.61%, 0, 0, 2, 43.69
1494208685, 0, 1, 12, 12, 1, 3.65%, 0, 0, 2, 43.52
1494208690, 0, 1, 29, 29, 1, 3.67%, 0, 0, 2, 43.79
1494208695, 0, 1, 41, 41, 1, 3.70%, 0, 0, 2, 43.81
1494208700, 0, 1, 49, 49, 1, 3.73%, 0, 0, 2, 43.78
1494208705, 0, 1, 58, 58, 1, 3.73%, 0, 0, 2, 43.72
1494208710, 0, 1, 71, 71, 1, 3.79%, 0, 0, 2, 43.71
1494208715, 0, 1, 81, 81, 1, 3.96%, 4, 0, 2, 43.75
1494208721, 0, 1, 92, 92, 1, 4.00%, 4, 0, 2, 43.69
1494208726, 0, 1, 104, 104, 1, 4.03%, 4, 0, 2, 43.69
1494208731, 0, 1, 106, 106, 1, 4.03%, 16, 0, 2, 43.52
1494208736, 0, 1, 114, 114, 1, 4.05%, 16, 0, 2, 43.73
1494208741, 0, 1, 120, 120, 1, 4.06%, 16, 0, 2, 43.70
1494208746, 0, 1, 126, 126, 1, 4.06%, 16, 0, 2, 43.73
1494208752, 0, 1, 139, 139, 1, 4.09%, 16, 0, 2, 43.41
1494208757, 0, 1, 145, 145, 1, 4.09%, 16, 0, 2, 43.71
1494208762, 0, 1, 151, 151, 1, 4.11%, 16, 0, 2, 43.62
1494208767, 0, 1, 156, 156, 1, 4.16%, 16, 0, 2, 42.75
1494208772, 0, 1, 163, 163, 1, 4.17%, 16, 0, 2, 42.58
1494208777, 0, 1, 166, 166, 1, 4.17%, 16, 0, 2, 42.54
1494208889, 0, 1, 167, 167, 1, 4.17%, 16, 0, 2, 42.47
1494208894, 0, 1, 174, 174, 1, 4.24%, 16, 0, 2, 42.56
1494208899, 0, 1, 178, 178, 1, 4.24%, 16, 0, 2, 42.59
1494208905, 0, 1, 182, 182, 1, 4.25%, 16, 0, 2, 42.60
1494208910, 0, 1, 183, 183, 1, 4.25%, 16, 0, 2, 42.61
1494208915, 0, 1, 184, 184, 1, 4.26%, 16, 0, 2, 42.54
1494208920, 0, 1, 186, 186, 1, 4.26%, 16, 0, 2, 42.60
1494208925, 0, 1, 192, 192, 1, 4.28%, 16, 0, 2, 42.56
1494208930, 0, 1, 195, 195, 1, 4.30%, 16, 0, 2, 42.56
1494208935, 0, 1, 200, 200, 1, 4.32%, 16, 0, 2, 42.48
1494208940, 0, 1, 208, 208, 1, 4.33%, 16, 0, 2, 42.52
1494208945, 0, 1, 211, 211, 1, 4.33%, 16, 0, 2, 42.52
1494208950, 0, 1, 213, 213, 1, 4.33%, 16, 0, 2, 42.48
1494208955, 0, 1, 215, 215, 1, 4.33%, 16, 0, 2, 42.51
1494208976, 0, 1, 216, 216, 1, 4.33%, 16, 0, 2, 42.48
1494208981, 0, 1, 217, 217, 1, 4.33%, 16, 0, 2, 42.52
1494208986, 0, 1, 218, 218, 1, 4.33%, 16, 0, 2, 42.50
1494208991, 0, 1, 221, 221, 1, 4.33%, 16, 0, 2, 42.49
1494208996, 0, 1, 224, 224, 1, 4.34%, 16, 0, 2, 42.50
1494209001, 0, 1, 226, 226, 1, 4.35%, 16, 0, 2, 42.51
1494209006, 0, 1, 227, 227, 1, 4.35%, 16, 0, 2, 42.46
1494209011, 0, 1, 231, 231, 1, 4.36%, 16, 0, 2, 42.47
1494209016, 0, 1, 234, 234, 1, 4.37%, 16, 0, 2, 42.48
1494209021, 0, 1, 235, 235, 1, 4.37%, 16, 0, 2, 42.48
1494209026, 0, 1, 238, 238, 1, 4.38%, 16, 0, 2, 42.42
1494209032, 0, 1, 239, 239, 1, 4.38%, 16, 0, 2, 42.44
1494209037, 0, 1, 241, 241, 1, 4.39%, 16, 0, 2, 42.46
1494209042, 0, 1, 244, 244, 1, 4.39%, 16, 0, 2, 42.48
1494209052, 0, 1, 249, 249, 1, 4.41%, 16, 0, 2, 42.50
1494209057, 0, 1, 250, 250, 1, 4.41%, 16, 0, 2, 42.62
1494209062, 0, 1, 251, 251, 1, 4.41%, 16, 0, 2, 42.64
1494209067, 0, 1, 252, 252, 1, 4.41%, 16, 0, 2, 42.75
1494209072, 0, 1, 260, 260, 1, 4.44%, 16, 0, 2, 43.27
1494209077, 0, 1, 263, 263, 1, 4.44%, 16, 0, 2, 43.63
1494209083, 0, 1, 266, 266, 1, 4.45%, 16, 0, 2, 42.80
1494209088, 0, 1, 267, 267, 1, 4.45%, 18, 0, 2, 43.54
1494209093, 0, 1, 268, 268, 1, 4.45%, 19, 0, 2, 43.71
1494209108, 0, 1, 269, 269, 1, 4.46%, 19, 0, 2, 43.59
1494209113, 0, 1, 270, 270, 1, 4.46%, 19, 0, 2, 43.69
1494209119, 0, 1, 271, 271, 1, 4.46%, 19, 0, 2, 43.68
1494209274, 0, 1, 272, 272, 1, 4.46%, 19, 0, 2, 43.57
1494209315, 0, 1, 273, 273, 1, 4.46%, 19, 0, 2, 43.49
1494209357, 0, 1, 274, 274, 1, 4.46%, 19, 0, 2, 43.46
1494209383, 0, 1, 275, 275, 1, 4.47%, 19, 0, 2, 43.55
1494209388, 0, 1, 277, 277, 1, 4.48%, 19, 0, 2, 43.72
1494209408, 0, 1, 278, 278, 1, 4.48%, 19, 0, 2, 43.74
1494209434, 0, 1, 280, 280, 1, 4.49%, 19, 0, 2, 43.61
1494209589, 0, 1, 281, 281, 1, 4.49%, 19, 0, 2, 43.58
1494209811, 0, 1, 282, 282, 1, 4.49%, 19, 0, 2, 43.62
1494209822, 0, 1, 283, 283, 1, 4.49%, 19, 0, 2, 43.69
1494209878, 0, 1, 284, 284, 1, 4.49%, 19, 0, 2, 43.77
1494209899, 0, 1, 285, 285, 1, 4.49%, 19, 0, 2, 43.70
1494209909, 0, 1, 286, 286, 1, 4.50%, 19, 0, 2, 43.73
1494209914, 0, 1, 291, 291, 1, 4.51%, 19, 0, 2, 43.71
1494209919, 0, 1, 293, 293, 1, 4.51%, 19, 0, 2, 43.71
1494209925, 0, 1, 294, 294, 1, 4.51%, 19, 0, 2, 43.76
1494209935, 0, 1, 295, 295, 1, 4.52%, 20, 0, 2, 43.74
1494209940, 0, 1, 297, 297, 1, 4.52%, 20, 0, 2, 43.74
1494209966, 0, 1, 298, 298, 1, 4.52%, 20, 0, 2, 43.71
1494209971, 0, 1, 300, 300, 1, 4.53%, 20, 0, 2, 43.74
1494209992, 0, 1, 300, 300, 1, 4.53%, 21, 0, 2, 43.65
1494209997, 0, 1, 301, 301, 1, 4.53%, 21, 0, 2, 43.87
1494210007, 0, 1, 301, 301, 1, 4.53%, 24, 0, 2, 44.07
1494210027, 0, 1, 301, 301, 1, 4.53%, 25, 0, 2, 43.80
1494210043, 0, 1, 303, 303, 1, 4.53%, 25, 0, 2, 43.72
1494210053, 0, 1, 304, 304, 1, 4.53%, 25, 0, 2, 43.60
1494210146, 0, 1, 305, 305, 1, 4.54%, 25, 0, 2, 43.56
1494210156, 0, 1, 306, 306, 1, 4.54%, 25, 0, 2, 43.68
1494210373, 0, 1, 307, 307, 1, 4.54%, 25, 0, 2, 43.64
1494210430, 0, 1, 308, 308, 1, 4.54%, 25, 0, 2, 43.56
1494210456, 0, 1, 309, 309, 1, 4.54%, 25, 0, 2, 43.59
1494210476, 0, 1, 310, 310, 1, 4.54%, 25, 0, 2, 43.57
1494210512, 0, 1, 311, 311, 1, 4.55%, 25, 0, 2, 43.56
1494210518, 0, 1, 312, 312, 1, 4.55%, 25, 0, 2, 43.60
1494210890, 0, 1, 313, 313, 1, 4.55%, 25, 0, 2, 43.47
1494210978, 0, 1, 314, 314, 1, 4.55%, 25, 0, 2, 43.47
1494211092, 0, 1, 315, 315, 1, 4.55%, 25, 0, 2, 43.38
1494211226, 0, 1, 316, 316, 1, 4.56%, 25, 0, 2, 43.44
1494211392, 0, 1, 321, 321, 1, 4.64%, 25, 0, 2, 43.67
1494211397, 0, 1, 326, 326, 1, 4.65%, 25, 0, 2, 43.65
1494211402, 0, 1, 326, 326, 1, 4.65%, 30, 0, 2, 43.85
1494211412, 0, 1, 327, 327, 1, 4.66%, 30, 0, 2, 43.53
1494211417, 0, 1, 329, 329, 1, 4.66%, 30, 0, 2, 43.64
1494211423, 0, 1, 330, 330, 1, 4.66%, 30, 0, 2, 43.59
1494211479, 0, 1, 331, 331, 1, 4.67%, 30, 0, 2, 43.47
1494211485, 0, 1, 332, 332, 1, 4.67%, 30, 0, 2, 43.46
1494211490, 0, 1, 334, 334, 1, 4.67%, 30, 0, 2, 43.46
1494211495, 0, 1, 336, 336, 1, 4.67%, 30, 0, 2, 43.46
1494211500, 0, 1, 339, 339, 1, 4.67%, 30, 0, 2, 43.45
1494211505, 0, 1, 341, 341, 1, 4.67%, 30, 0, 2, 43.31
1494211511, 0, 1, 342, 342, 1, 4.67%, 30, 0, 2, 43.43
1494211516, 0, 1, 343, 343, 1, 4.67%, 30, 0, 2, 43.46
1494211521, 0, 1, 345, 345, 1, 4.67%, 30, 0, 2, 43.48
1494211536, 0, 1, 346, 346, 1, 4.67%, 30, 0, 2, 43.74
1494211578, 0, 1, 347, 347, 1, 4.68%, 30, 0, 2, 43.67
1494211583, 0, 1, 348, 348, 1, 4.68%, 30, 0, 2, 43.63
1494211598, 0, 1, 349, 349, 1, 4.68%, 30, 0, 2, 43.71
1494211603, 0, 1, 350, 350, 1, 4.68%, 30, 0, 2, 43.70
1494211608, 0, 1, 354, 354, 1, 4.68%, 30, 0, 2, 43.74
1494211619, 0, 1, 354, 354, 1, 4.68%, 31, 0, 2, 43.80
1494211624, 0, 1, 354, 354, 1, 4.68%, 36, 0, 2, 44.03
1494211629, 0, 1, 354, 354, 1, 4.68%, 38, 0, 2, 44.01
1494211742, 0, 1, 355, 355, 1, 4.68%, 38, 0, 2, 43.35
1494212244, 0, 1, 357, 357, 1, 4.68%, 38, 0, 2, 43.42
1494212265, 0, 1, 358, 358, 1, 4.68%, 38, 0, 2, 43.61
1494212337, 0, 1, 359, 359, 1, 4.68%, 38, 0, 2, 43.63
1494213385, 0, 1, 363, 363, 1, 4.70%, 38, 0, 2, 43.60
1494213405, 0, 1, 364, 364, 1, 4.70%, 38, 0, 2, 43.75
1494213421, 0, 1, 365, 365, 1, 4.70%, 38, 0, 2, 43.82
1494213431, 0, 1, 366, 366, 1, 4.70%, 38, 0, 2, 43.76
1494213447, 0, 1, 367, 367, 1, 4.70%, 38, 0, 2, 43.75
1494213462, 0, 1, 371, 371, 1, 4.70%, 38, 0, 2, 43.76
1494213483, 0, 1, 372, 372, 1, 4.70%, 38, 0, 2, 43.80
1494213488, 0, 1, 373, 373, 1, 4.70%, 38, 0, 2, 43.76
1494213493, 0, 1, 377, 377, 1, 4.71%, 39, 0, 2, 43.76
1494213498, 0, 1, 379, 379, 1, 4.71%, 39, 0, 2, 43.72
1494213513, 0, 1, 379, 379, 1, 4.71%, 40, 0, 2, 43.92
1494213518, 0, 1, 379, 379, 1, 4.71%, 43, 0, 2, 43.98
1494213657, 0, 1, 380, 380, 1, 4.71%, 43, 0, 2, 42.16
1494213795, 0, 1, 381, 381, 1, 4.71%, 43, 0, 2, 42.25
1494213826, 0, 1, 382, 382, 1, 4.71%, 43, 0, 2, 42.05
1494213862, 0, 1, 385, 385, 1, 4.74%, 43, 0, 2, 42.33
1494214035, 0, 1, 386, 386, 1, 4.74%, 43, 0, 2, 42.56
1494214056, 0, 1, 387, 387, 1, 4.74%, 43, 0, 2, 42.22
1494214112, 0, 1, 388, 388, 1, 4.74%, 43, 0, 2, 42.22
1494214291, 0, 1, 389, 389, 1, 4.76%, 43, 0, 2, 42.29
1494214297, 0, 1, 392, 392, 1, 4.77%, 43, 0, 2, 42.06
1494214302, 0, 1, 395, 394, 0, 4.77%, 43, 0, 2, 42.23
1494214307, 0, 1, 410, 409, 0, 4.92%, 43, 0, 2, 42.31
1494214312, 0, 1, 424, 423, 0, 4.93%, 43, 0, 2, 42.13
1494214317, 0, 1, 438, 437, 0, 4.95%, 43, 0, 2, 42.02
1494214322, 0, 37, 440, 439, 170, 4.97%, 43, 0, 2, 42.10
1494214363, 0, 37, 440, 439, 170, 4.97%, 44, 0, 2, 42.21
1494214558, 0, 37, 442, 441, 170, 4.99%, 44, 0, 3, 42.12
1494214604, 0, 37, 444, 443, 170, 4.99%, 44, 0, 3, 42.02
1494214891, 0, 37, 445, 444, 170, 4.99%, 44, 0, 3, 42.22
1494219271, 0, 37, 446, 445, 170, 5.00%, 44, 0, 3, 42.22
1494219399, 0, 37, 447, 446, 170, 5.00%, 44, 0, 3, 42.17
1494219680, 0, 37, 449, 448, 170, 5.01%, 44, 0, 3, 42.40
1494220228, 0, 37, 450, 449, 170, 5.01%, 44, 0, 3, 42.25
1494220233, 0, 50, 450, 448, 173, 5.01%, 44, 0, 3, 42.39
1494220258, 0, 50, 451, 449, 173, 5.01%, 44, 0, 3, 42.40
1494220274, 0, 50, 452, 450, 173, 5.01%, 44, 0, 3, 42.11
1494220350, 0, 50, 453, 451, 173, 5.01%, 44, 0, 3, 42.04
1494220534, 0, 50, 454, 452, 173, 5.02%, 44, 0, 3, 42.59
1494220585, 0, 55, 454, 451, 174, 5.02%, 44, 0, 3, 42.52
1494220973, 0, 59, 454, 450, 173, 5.02%, 44, 0, 3, 42.04
1494221361, 0, 64, 454, 449, 172, 5.02%, 44, 0, 3, 41.97
1494221397, 0, 64, 454, 449, 172, 5.02%, 45, 0, 3, 42.48
1494221402, 0, 64, 456, 451, 172, 5.02%, 45, 0, 3, 42.46
1494222554, 0, 64, 456, 451, 172, 5.02%, 46, 0, 3, 42.48
1494222590, 0, 64, 457, 452, 172, 5.05%, 47, 0, 3, 42.37
1494224110, 0, 64, 460, 455, 172, 5.06%, 47, 0, 3, 42.25
1494226478, 0, 64, 461, 456, 172, 5.06%, 47, 0, 3, 30.37
1494227657, 0, 64, 462, 457, 172, 5.06%, 47, 0, 3, 30.07
1494227667, 0, 64, 463, 458, 172, 5.06%, 47, 0, 3, 30.14
1494227682, 0, 64, 464, 458, 171, 5.06%, 47, 0, 3, 30.28
1494227687, 0, 64, 478, 472, 171, 5.35%, 47, 0, 3, 30.05
1494227693, 0, 64, 492, 486, 171, 5.47%, 47, 0, 3, 29.94
1494227698, 0, 64, 507, 501, 171, 5.48%, 47, 0, 3, 30.14
1494227703, 0, 64, 521, 515, 171, 5.51%, 47, 0, 3, 29.71
1494227708, 0, 64, 536, 530, 171, 5.52%, 47, 0, 3, 30.03
1494227713, 0, 64, 550, 544, 171, 5.53%, 47, 0, 3, 30.02
1494227718, 0, 64, 565, 559, 171, 5.54%, 47, 0, 3, 30.14
1494227723, 0, 64, 581, 575, 171, 5.58%, 47, 0, 3, 30.29
1494227728, 0, 64, 596, 590, 171, 5.59%, 47, 0, 3, 30.30
1494227733, 0, 64, 610, 604, 171, 5.63%, 47, 0, 3, 30.27
1494227738, 0, 64, 623, 617, 171, 5.64%, 47, 0, 3, 30.30
1494227744, 0, 64, 636, 630, 171, 5.68%, 47, 0, 3, 30.19
1494227749, 0, 64, 650, 644, 171, 5.69%, 47, 0, 3, 30.26
1494227754, 0, 64, 664, 658, 171, 5.71%, 47, 0, 3, 30.23
1494227759, 0, 64, 669, 663, 171, 5.71%, 47, 0, 3, 29.97
1494227764, 0, 64, 672, 666, 171, 5.71%, 47, 0, 3, 30.10
1494227769, 0, 65, 672, 666, 213, 5.71%, 47, 0, 3, 30.22
1494228287, 0, 65, 673, 667, 213, 5.71%, 47, 0, 3, 30.38
1494236057, 0, 69, 673, 666, 212, 5.71%, 47, 0, 3, 30.33
1494236113, 0, 69, 674, 667, 212, 5.71%, 47, 0, 3, 30.31
1494237778, 0, 69, 675, 668, 212, 5.72%, 47, 0, 3, 30.29
1494237788, 0, 69, 676, 669, 212, 5.72%, 47, 0, 3, 30.34
1494244353, 0, 70, 676, 668, 213, 5.72%, 47, 0, 3, 28.66
1494244874, 0, 70, 677, 669, 213, 5.72%, 47, 0, 3, 30.21
1494246081, 0, 70, 678, 670, 213, 5.72%, 47, 0, 3, 30.31
1494252667, 0, 71, 678, 669, 212, 5.72%, 47, 0, 3, 30.16
1494252724, 0, 71, 679, 670, 212, 5.72%, 48, 0, 3, 30.23
1494252729, 0, 71, 681, 672, 212, 5.72%, 49, 0, 3, 30.17
1494254398, 0, 71, 682, 673, 212, 5.73%, 49, 0, 3, 30.17
1494254403, 0, 71, 683, 674, 212, 5.73%, 49, 0, 3, 30.19
1494254409, 0, 71, 684, 675, 212, 5.73%, 49, 0, 3, 30.27
1494254419, 0, 71, 685, 676, 212, 5.73%, 49, 0, 3, 30.13
1494254424, 0, 71, 687, 678, 212, 5.73%, 49, 0, 3, 30.22
1494260976, 0, 85, 687, 677, 217, 5.73%, 49, 0, 3, 30.21
1494263037, 0, 85, 688, 678, 217, 5.73%, 49, 0, 3, 30.26
